[gd_scene load_steps=3 format=3 uid="uid://cbtia5kc5ynpa"]

[sub_resource type="ConvexPolygonShape3D" id="ConvexPolygonShape3D_1dfcg"]
points = PackedVector3Array(-0.5, -0.05, -0.5, -0.5, 0.05, -0.5, 0.5, -0.05, -0.5, -0.5, -0.05, 0.5, -0.5, 0.05, 0.5, 0.5, 0.05, -0.5, 0.5, -0.05, 0.5, 0.5, 0.05, 0.5)

[sub_resource type="BoxMesh" id="BoxMesh_bgpbh"]
size = Vector3(1, 0.1, 1)

[node name="PowerUp1" type="Node3D" groups=["Pu"]]
transform = Transform3D(1, 0, 0, 0, 0.304898, 0.952385, 0, -0.952385, 0.304898, 0, 0, 0)
metadata/Pu = true

[node name="StaticBody3D" type="StaticBody3D" parent="."]
transform = Transform3D(1, 0, 0, 0, 0.996163, -0.087521, 0, 0.087521, 0.996163, 0, 0.0496875, 0.155205)
metadata/PowerUp = true
metadata/Pu = true

[node name="CollisionShape3D" type="CollisionShape3D" parent="StaticBody3D" groups=["Pu"]]
transform = Transform3D(1, 0, 0, 0, 0.918115, 0.396315, 0, -0.396315, 0.918115, 0, 0.200032, 0.624825)
shape = SubResource("ConvexPolygonShape3D_1dfcg")
metadata/PowerUp = true
metadata/Pu = true

[node name="MeshInstance3D" type="MeshInstance3D" parent="StaticBody3D" groups=["Pu"]]
transform = Transform3D(1, 0, 0, 0, 0.907184, 0.420735, 0, -0.420735, 0.907184, 0, 0.200032, 0.624825)
mesh = SubResource("BoxMesh_bgpbh")
skeleton = NodePath("../..")
metadata/PowerUp = true
metadata/Pu = true
